, *w 111
111 1111111111 11111111 1111, 111. ’1111111 11111 111, ,
1111111 1111111111 1111111111, 1111 1111111 111

11111111111111111111111111111 ο11111111111·’ ’

, 1111111111111 1111111111 deme 11111 1111111111
ogm 1 · .

1111111111 111 1111111111 1111 111· 1111111111 -
11111111 111111 1111111 1111111111 11 diesem 1111111111·
111111 1111111111111111111111111111’11111111111111111111 x “

111111 1111 1111111111 1111111111 11111111 1111111 x
1111111111111111111111111111111111111111111111 '

111,11111111111111111111111111111111,1111111111 ·
11111111111111 wolde· nach 11111 lantfriden 11111
1111111 und 111111 geschichte 111 111111 1111111111
1111111111111 1111111111 111111 111 111 1111111111 stet, κ

11111 111111111111111111.111111111111 alle 111. ”

111111 11111 1111111111 1111111111, 11111111 111111·-

’ 11111111 sm 111 111111 uz zu 1111111111 111 1111111111 111 .
1111111111111111111111111111111111111111, ’11 x
111111111111111111111 were. ¹ · ·

1111111111 111111111111111111111111111111 ,
11111111 111 11 111111 oder 1111 1111111111 111111 11111
111 1111111 111 1111111111 111 11 11111111 wa 11 ist ’

gegan <ren 1111 noch 1111111 11111111111111
’111 das 11111 11111111 1111111111 1111111, 1111111 .
111111 11111 1111111, 111 1111111111 11111111 111
, 111111111111111111111 1111111111 1111 111111 111111
’1111111111 des 111111 11111111 1111 111 1111111111
1111111111111111111111111111111, 1111111111 111111 ²
1111111111 111111 111111111111111 111 1111111111
diesen 1111111111 getan hat, 111 111111 111111 111 11111

1111111111 1111 11111 1111111111 WWW witz 11111
1

 

